{
 "cells": [
  {
   "cell_type": "markdown",
   "id": "803df5e8-b46b-446c-a2ba-8ab6598d0f99",
   "metadata": {},
   "source": [
    "## References\n",
    " - __[Script: Kaggle](https://www.kaggle.com/code/varunsaikanuri/spotify-data-visualization/notebook)__\n",
    " - __[Dataset: Kaggle](https://www.kaggle.com/datasets/paradisejoy/top-hits-spotify-from-20002019?resource=download)__"
   ]
  },
  {
   "cell_type": "markdown",
   "id": "12497349-13d8-4084-b8ae-7eaef26e8ce6",
   "metadata": {},
   "source": [
    "## Import Libraries"
   ]
  },
  {
   "cell_type": "code",
   "execution_count": 3,
   "id": "ccae07ef-dcb8-48ea-bc1c-96e112b89ff0",
   "metadata": {},
   "outputs": [
    {
     "data": {
      "text/html": [
       "        <script type=\"text/javascript\">\n",
       "        window.PlotlyConfig = {MathJaxConfig: 'local'};\n",
       "        if (window.MathJax && window.MathJax.Hub && window.MathJax.Hub.Config) {window.MathJax.Hub.Config({SVG: {font: \"STIX-Web\"}});}\n",
       "        if (typeof require !== 'undefined') {\n",
       "        require.undef(\"plotly\");\n",
       "        requirejs.config({\n",
       "            paths: {\n",
       "                'plotly': ['https://cdn.plot.ly/plotly-2.35.2.min']\n",
       "            }\n",
       "        });\n",
       "        require(['plotly'], function(Plotly) {\n",
       "            window._Plotly = Plotly;\n",
       "        });\n",
       "        }\n",
       "        </script>\n",
       "        "
      ]
     },
     "metadata": {},
     "output_type": "display_data"
    }
   ],
   "source": [
    "# Importing Libraries\n",
    "import pandas as pd\n",
    "import numpy as np\n",
    "import matplotlib.pyplot as plt\n",
    "import matplotlib.colors\n",
    "import plotly.express as px\n",
    "import plotly.graph_objects as go\n",
    "from plotly.subplots import make_subplots\n",
    "from plotly.offline import init_notebook_mode\n",
    "import seaborn as sns\n",
    "import datetime as dt\n",
    "import warnings\n",
    "warnings.filterwarnings('ignore')\n",
    "pd.set_option('display.max_columns',None)\n",
    "init_notebook_mode(connected=True)"
   ]
  },
  {
   "cell_type": "markdown",
   "id": "f7d0a81c-88df-49d9-b487-c61a2148caab",
   "metadata": {},
   "source": [
    "## Data Inspection"
   ]
  },
  {
   "cell_type": "code",
   "execution_count": 5,
   "id": "c9714619-9840-421e-82b8-d1c0deb126f9",
   "metadata": {},
   "outputs": [
    {
     "name": "stdout",
     "output_type": "stream",
     "text": [
      "<class 'pandas.core.frame.DataFrame'>\n",
      "RangeIndex: 2000 entries, 0 to 1999\n",
      "Data columns (total 18 columns):\n",
      " #   Column            Non-Null Count  Dtype  \n",
      "---  ------            --------------  -----  \n",
      " 0   artist            2000 non-null   object \n",
      " 1   song              2000 non-null   object \n",
      " 2   duration_ms       2000 non-null   int64  \n",
      " 3   explicit          2000 non-null   bool   \n",
      " 4   year              2000 non-null   int64  \n",
      " 5   popularity        2000 non-null   int64  \n",
      " 6   danceability      2000 non-null   float64\n",
      " 7   energy            2000 non-null   float64\n",
      " 8   key               2000 non-null   int64  \n",
      " 9   loudness          2000 non-null   float64\n",
      " 10  mode              2000 non-null   int64  \n",
      " 11  speechiness       2000 non-null   float64\n",
      " 12  acousticness      2000 non-null   float64\n",
      " 13  instrumentalness  2000 non-null   float64\n",
      " 14  liveness          2000 non-null   float64\n",
      " 15  valence           2000 non-null   float64\n",
      " 16  tempo             2000 non-null   float64\n",
      " 17  genre             2000 non-null   object \n",
      "dtypes: bool(1), float64(9), int64(5), object(3)\n",
      "memory usage: 267.7+ KB\n"
     ]
    }
   ],
   "source": [
    "# Load Data\n",
    "df=pd.read_csv('../Python/Input/songs_normalize.csv')\n",
    "\n",
    "df.info()"
   ]
  },
  {
   "cell_type": "code",
   "execution_count": 6,
   "id": "9a2efab9-e928-404e-a793-b9c9636170cd",
   "metadata": {},
   "outputs": [
    {
     "data": {
      "text/html": [
       "<div>\n",
       "<style scoped>\n",
       "    .dataframe tbody tr th:only-of-type {\n",
       "        vertical-align: middle;\n",
       "    }\n",
       "\n",
       "    .dataframe tbody tr th {\n",
       "        vertical-align: top;\n",
       "    }\n",
       "\n",
       "    .dataframe thead th {\n",
       "        text-align: right;\n",
       "    }\n",
       "</style>\n",
       "<table border=\"1\" class=\"dataframe\">\n",
       "  <thead>\n",
       "    <tr style=\"text-align: right;\">\n",
       "      <th></th>\n",
       "      <th>artist</th>\n",
       "      <th>song</th>\n",
       "      <th>duration_ms</th>\n",
       "      <th>explicit</th>\n",
       "      <th>year</th>\n",
       "      <th>popularity</th>\n",
       "      <th>danceability</th>\n",
       "      <th>energy</th>\n",
       "      <th>key</th>\n",
       "      <th>loudness</th>\n",
       "      <th>mode</th>\n",
       "      <th>speechiness</th>\n",
       "      <th>acousticness</th>\n",
       "      <th>instrumentalness</th>\n",
       "      <th>liveness</th>\n",
       "      <th>valence</th>\n",
       "      <th>tempo</th>\n",
       "      <th>genre</th>\n",
       "    </tr>\n",
       "  </thead>\n",
       "  <tbody>\n",
       "    <tr>\n",
       "      <th>0</th>\n",
       "      <td>Britney Spears</td>\n",
       "      <td>Oops!...I Did It Again</td>\n",
       "      <td>211160</td>\n",
       "      <td>False</td>\n",
       "      <td>2000</td>\n",
       "      <td>77</td>\n",
       "      <td>0.751</td>\n",
       "      <td>0.834</td>\n",
       "      <td>1</td>\n",
       "      <td>-5.444</td>\n",
       "      <td>0</td>\n",
       "      <td>0.0437</td>\n",
       "      <td>0.3000</td>\n",
       "      <td>0.000018</td>\n",
       "      <td>0.3550</td>\n",
       "      <td>0.894</td>\n",
       "      <td>95.053</td>\n",
       "      <td>pop</td>\n",
       "    </tr>\n",
       "    <tr>\n",
       "      <th>1</th>\n",
       "      <td>blink-182</td>\n",
       "      <td>All The Small Things</td>\n",
       "      <td>167066</td>\n",
       "      <td>False</td>\n",
       "      <td>1999</td>\n",
       "      <td>79</td>\n",
       "      <td>0.434</td>\n",
       "      <td>0.897</td>\n",
       "      <td>0</td>\n",
       "      <td>-4.918</td>\n",
       "      <td>1</td>\n",
       "      <td>0.0488</td>\n",
       "      <td>0.0103</td>\n",
       "      <td>0.000000</td>\n",
       "      <td>0.6120</td>\n",
       "      <td>0.684</td>\n",
       "      <td>148.726</td>\n",
       "      <td>rock, pop</td>\n",
       "    </tr>\n",
       "    <tr>\n",
       "      <th>2</th>\n",
       "      <td>Faith Hill</td>\n",
       "      <td>Breathe</td>\n",
       "      <td>250546</td>\n",
       "      <td>False</td>\n",
       "      <td>1999</td>\n",
       "      <td>66</td>\n",
       "      <td>0.529</td>\n",
       "      <td>0.496</td>\n",
       "      <td>7</td>\n",
       "      <td>-9.007</td>\n",
       "      <td>1</td>\n",
       "      <td>0.0290</td>\n",
       "      <td>0.1730</td>\n",
       "      <td>0.000000</td>\n",
       "      <td>0.2510</td>\n",
       "      <td>0.278</td>\n",
       "      <td>136.859</td>\n",
       "      <td>pop, country</td>\n",
       "    </tr>\n",
       "    <tr>\n",
       "      <th>3</th>\n",
       "      <td>Bon Jovi</td>\n",
       "      <td>It's My Life</td>\n",
       "      <td>224493</td>\n",
       "      <td>False</td>\n",
       "      <td>2000</td>\n",
       "      <td>78</td>\n",
       "      <td>0.551</td>\n",
       "      <td>0.913</td>\n",
       "      <td>0</td>\n",
       "      <td>-4.063</td>\n",
       "      <td>0</td>\n",
       "      <td>0.0466</td>\n",
       "      <td>0.0263</td>\n",
       "      <td>0.000013</td>\n",
       "      <td>0.3470</td>\n",
       "      <td>0.544</td>\n",
       "      <td>119.992</td>\n",
       "      <td>rock, metal</td>\n",
       "    </tr>\n",
       "    <tr>\n",
       "      <th>4</th>\n",
       "      <td>*NSYNC</td>\n",
       "      <td>Bye Bye Bye</td>\n",
       "      <td>200560</td>\n",
       "      <td>False</td>\n",
       "      <td>2000</td>\n",
       "      <td>65</td>\n",
       "      <td>0.614</td>\n",
       "      <td>0.928</td>\n",
       "      <td>8</td>\n",
       "      <td>-4.806</td>\n",
       "      <td>0</td>\n",
       "      <td>0.0516</td>\n",
       "      <td>0.0408</td>\n",
       "      <td>0.001040</td>\n",
       "      <td>0.0845</td>\n",
       "      <td>0.879</td>\n",
       "      <td>172.656</td>\n",
       "      <td>pop</td>\n",
       "    </tr>\n",
       "  </tbody>\n",
       "</table>\n",
       "</div>"
      ],
      "text/plain": [
       "           artist                    song  duration_ms  explicit  year  \\\n",
       "0  Britney Spears  Oops!...I Did It Again       211160     False  2000   \n",
       "1       blink-182    All The Small Things       167066     False  1999   \n",
       "2      Faith Hill                 Breathe       250546     False  1999   \n",
       "3        Bon Jovi            It's My Life       224493     False  2000   \n",
       "4          *NSYNC             Bye Bye Bye       200560     False  2000   \n",
       "\n",
       "   popularity  danceability  energy  key  loudness  mode  speechiness  \\\n",
       "0          77         0.751   0.834    1    -5.444     0       0.0437   \n",
       "1          79         0.434   0.897    0    -4.918     1       0.0488   \n",
       "2          66         0.529   0.496    7    -9.007     1       0.0290   \n",
       "3          78         0.551   0.913    0    -4.063     0       0.0466   \n",
       "4          65         0.614   0.928    8    -4.806     0       0.0516   \n",
       "\n",
       "   acousticness  instrumentalness  liveness  valence    tempo         genre  \n",
       "0        0.3000          0.000018    0.3550    0.894   95.053           pop  \n",
       "1        0.0103          0.000000    0.6120    0.684  148.726     rock, pop  \n",
       "2        0.1730          0.000000    0.2510    0.278  136.859  pop, country  \n",
       "3        0.0263          0.000013    0.3470    0.544  119.992   rock, metal  \n",
       "4        0.0408          0.001040    0.0845    0.879  172.656           pop  "
      ]
     },
     "execution_count": 6,
     "metadata": {},
     "output_type": "execute_result"
    }
   ],
   "source": [
    "df.head()"
   ]
  },
  {
   "cell_type": "code",
   "execution_count": 7,
   "id": "0fb53ec5-8448-42b1-a356-30c9d62c73de",
   "metadata": {},
   "outputs": [
    {
     "data": {
      "text/html": [
       "<div>\n",
       "<style scoped>\n",
       "    .dataframe tbody tr th:only-of-type {\n",
       "        vertical-align: middle;\n",
       "    }\n",
       "\n",
       "    .dataframe tbody tr th {\n",
       "        vertical-align: top;\n",
       "    }\n",
       "\n",
       "    .dataframe thead th {\n",
       "        text-align: right;\n",
       "    }\n",
       "</style>\n",
       "<table border=\"1\" class=\"dataframe\">\n",
       "  <thead>\n",
       "    <tr style=\"text-align: right;\">\n",
       "      <th></th>\n",
       "      <th>duration_ms</th>\n",
       "      <th>year</th>\n",
       "      <th>popularity</th>\n",
       "      <th>danceability</th>\n",
       "      <th>energy</th>\n",
       "      <th>key</th>\n",
       "      <th>loudness</th>\n",
       "      <th>mode</th>\n",
       "      <th>speechiness</th>\n",
       "      <th>acousticness</th>\n",
       "      <th>instrumentalness</th>\n",
       "      <th>liveness</th>\n",
       "      <th>valence</th>\n",
       "      <th>tempo</th>\n",
       "    </tr>\n",
       "  </thead>\n",
       "  <tbody>\n",
       "    <tr>\n",
       "      <th>count</th>\n",
       "      <td>2000.000000</td>\n",
       "      <td>2000.00000</td>\n",
       "      <td>2000.000000</td>\n",
       "      <td>2000.000000</td>\n",
       "      <td>2000.000000</td>\n",
       "      <td>2000.000000</td>\n",
       "      <td>2000.000000</td>\n",
       "      <td>2000.000000</td>\n",
       "      <td>2000.000000</td>\n",
       "      <td>2000.000000</td>\n",
       "      <td>2000.000000</td>\n",
       "      <td>2000.000000</td>\n",
       "      <td>2000.000000</td>\n",
       "      <td>2000.000000</td>\n",
       "    </tr>\n",
       "    <tr>\n",
       "      <th>mean</th>\n",
       "      <td>228748.124500</td>\n",
       "      <td>2009.49400</td>\n",
       "      <td>59.872500</td>\n",
       "      <td>0.667438</td>\n",
       "      <td>0.720366</td>\n",
       "      <td>5.378000</td>\n",
       "      <td>-5.512434</td>\n",
       "      <td>0.553500</td>\n",
       "      <td>0.103568</td>\n",
       "      <td>0.128955</td>\n",
       "      <td>0.015226</td>\n",
       "      <td>0.181216</td>\n",
       "      <td>0.551690</td>\n",
       "      <td>120.122558</td>\n",
       "    </tr>\n",
       "    <tr>\n",
       "      <th>std</th>\n",
       "      <td>39136.569008</td>\n",
       "      <td>5.85996</td>\n",
       "      <td>21.335577</td>\n",
       "      <td>0.140416</td>\n",
       "      <td>0.152745</td>\n",
       "      <td>3.615059</td>\n",
       "      <td>1.933482</td>\n",
       "      <td>0.497254</td>\n",
       "      <td>0.096159</td>\n",
       "      <td>0.173346</td>\n",
       "      <td>0.087771</td>\n",
       "      <td>0.140669</td>\n",
       "      <td>0.220864</td>\n",
       "      <td>26.967112</td>\n",
       "    </tr>\n",
       "    <tr>\n",
       "      <th>min</th>\n",
       "      <td>113000.000000</td>\n",
       "      <td>1998.00000</td>\n",
       "      <td>0.000000</td>\n",
       "      <td>0.129000</td>\n",
       "      <td>0.054900</td>\n",
       "      <td>0.000000</td>\n",
       "      <td>-20.514000</td>\n",
       "      <td>0.000000</td>\n",
       "      <td>0.023200</td>\n",
       "      <td>0.000019</td>\n",
       "      <td>0.000000</td>\n",
       "      <td>0.021500</td>\n",
       "      <td>0.038100</td>\n",
       "      <td>60.019000</td>\n",
       "    </tr>\n",
       "    <tr>\n",
       "      <th>25%</th>\n",
       "      <td>203580.000000</td>\n",
       "      <td>2004.00000</td>\n",
       "      <td>56.000000</td>\n",
       "      <td>0.581000</td>\n",
       "      <td>0.622000</td>\n",
       "      <td>2.000000</td>\n",
       "      <td>-6.490250</td>\n",
       "      <td>0.000000</td>\n",
       "      <td>0.039600</td>\n",
       "      <td>0.014000</td>\n",
       "      <td>0.000000</td>\n",
       "      <td>0.088100</td>\n",
       "      <td>0.386750</td>\n",
       "      <td>98.985750</td>\n",
       "    </tr>\n",
       "    <tr>\n",
       "      <th>50%</th>\n",
       "      <td>223279.500000</td>\n",
       "      <td>2010.00000</td>\n",
       "      <td>65.500000</td>\n",
       "      <td>0.676000</td>\n",
       "      <td>0.736000</td>\n",
       "      <td>6.000000</td>\n",
       "      <td>-5.285000</td>\n",
       "      <td>1.000000</td>\n",
       "      <td>0.059850</td>\n",
       "      <td>0.055700</td>\n",
       "      <td>0.000000</td>\n",
       "      <td>0.124000</td>\n",
       "      <td>0.557500</td>\n",
       "      <td>120.021500</td>\n",
       "    </tr>\n",
       "    <tr>\n",
       "      <th>75%</th>\n",
       "      <td>248133.000000</td>\n",
       "      <td>2015.00000</td>\n",
       "      <td>73.000000</td>\n",
       "      <td>0.764000</td>\n",
       "      <td>0.839000</td>\n",
       "      <td>8.000000</td>\n",
       "      <td>-4.167750</td>\n",
       "      <td>1.000000</td>\n",
       "      <td>0.129000</td>\n",
       "      <td>0.176250</td>\n",
       "      <td>0.000068</td>\n",
       "      <td>0.241000</td>\n",
       "      <td>0.730000</td>\n",
       "      <td>134.265500</td>\n",
       "    </tr>\n",
       "    <tr>\n",
       "      <th>max</th>\n",
       "      <td>484146.000000</td>\n",
       "      <td>2020.00000</td>\n",
       "      <td>89.000000</td>\n",
       "      <td>0.975000</td>\n",
       "      <td>0.999000</td>\n",
       "      <td>11.000000</td>\n",
       "      <td>-0.276000</td>\n",
       "      <td>1.000000</td>\n",
       "      <td>0.576000</td>\n",
       "      <td>0.976000</td>\n",
       "      <td>0.985000</td>\n",
       "      <td>0.853000</td>\n",
       "      <td>0.973000</td>\n",
       "      <td>210.851000</td>\n",
       "    </tr>\n",
       "  </tbody>\n",
       "</table>\n",
       "</div>"
      ],
      "text/plain": [
       "         duration_ms        year   popularity  danceability       energy  \\\n",
       "count    2000.000000  2000.00000  2000.000000   2000.000000  2000.000000   \n",
       "mean   228748.124500  2009.49400    59.872500      0.667438     0.720366   \n",
       "std     39136.569008     5.85996    21.335577      0.140416     0.152745   \n",
       "min    113000.000000  1998.00000     0.000000      0.129000     0.054900   \n",
       "25%    203580.000000  2004.00000    56.000000      0.581000     0.622000   \n",
       "50%    223279.500000  2010.00000    65.500000      0.676000     0.736000   \n",
       "75%    248133.000000  2015.00000    73.000000      0.764000     0.839000   \n",
       "max    484146.000000  2020.00000    89.000000      0.975000     0.999000   \n",
       "\n",
       "               key     loudness         mode  speechiness  acousticness  \\\n",
       "count  2000.000000  2000.000000  2000.000000  2000.000000   2000.000000   \n",
       "mean      5.378000    -5.512434     0.553500     0.103568      0.128955   \n",
       "std       3.615059     1.933482     0.497254     0.096159      0.173346   \n",
       "min       0.000000   -20.514000     0.000000     0.023200      0.000019   \n",
       "25%       2.000000    -6.490250     0.000000     0.039600      0.014000   \n",
       "50%       6.000000    -5.285000     1.000000     0.059850      0.055700   \n",
       "75%       8.000000    -4.167750     1.000000     0.129000      0.176250   \n",
       "max      11.000000    -0.276000     1.000000     0.576000      0.976000   \n",
       "\n",
       "       instrumentalness     liveness      valence        tempo  \n",
       "count       2000.000000  2000.000000  2000.000000  2000.000000  \n",
       "mean           0.015226     0.181216     0.551690   120.122558  \n",
       "std            0.087771     0.140669     0.220864    26.967112  \n",
       "min            0.000000     0.021500     0.038100    60.019000  \n",
       "25%            0.000000     0.088100     0.386750    98.985750  \n",
       "50%            0.000000     0.124000     0.557500   120.021500  \n",
       "75%            0.000068     0.241000     0.730000   134.265500  \n",
       "max            0.985000     0.853000     0.973000   210.851000  "
      ]
     },
     "execution_count": 7,
     "metadata": {},
     "output_type": "execute_result"
    }
   ],
   "source": [
    "df.describe()"
   ]
  },
  {
   "cell_type": "code",
   "execution_count": 8,
   "id": "15a90ac7-34ea-490f-95d4-2c7821158c07",
   "metadata": {},
   "outputs": [
    {
     "data": {
      "text/plain": [
       "artist              0\n",
       "song                0\n",
       "duration_ms         0\n",
       "explicit            0\n",
       "year                0\n",
       "popularity          0\n",
       "danceability        0\n",
       "energy              0\n",
       "key                 0\n",
       "loudness            0\n",
       "mode                0\n",
       "speechiness         0\n",
       "acousticness        0\n",
       "instrumentalness    0\n",
       "liveness            0\n",
       "valence             0\n",
       "tempo               0\n",
       "genre               0\n",
       "dtype: int64"
      ]
     },
     "execution_count": 8,
     "metadata": {},
     "output_type": "execute_result"
    }
   ],
   "source": [
    "# Check for null values\n",
    "df.isnull().sum()"
   ]
  },
  {
   "cell_type": "code",
   "execution_count": 9,
   "id": "ad6d2ad1-54c3-41af-bb0e-4dc761f5ac4e",
   "metadata": {
    "scrolled": true
   },
   "outputs": [
    {
     "name": "stdout",
     "output_type": "stream",
     "text": [
      "(2000, 18) \n",
      "\n",
      "False    1941\n",
      "True       59\n",
      "Name: count, dtype: int64 \n",
      "\n",
      "(1941, 18) \n",
      "\n"
     ]
    }
   ],
   "source": [
    "# Check the resulting shape of the dataset\n",
    "print(df.shape, \"\\n\")\n",
    "\n",
    "# Check for duplicates\n",
    "print(df.duplicated().value_counts(), \"\\n\")\n",
    "\n",
    "# Drop the duplicated values\n",
    "df.drop_duplicates(inplace=True)\n",
    "\n",
    "# Check the resulting shape of the dataset\n",
    "print(df.shape, \"\\n\")"
   ]
  },
  {
   "cell_type": "markdown",
   "id": "20845635-3e74-4ea9-b12b-63a5e9380222",
   "metadata": {},
   "source": [
    "# Exploratory Data Analysis"
   ]
  },
  {
   "cell_type": "markdown",
   "id": "a2669c4d-c11d-41ca-8d24-a73c2c4701a2",
   "metadata": {},
   "source": [
    "## Pairwise Correlation of Columns"
   ]
  },
  {
   "cell_type": "code",
   "execution_count": 21,
   "id": "13304d4c-0dcc-4c21-988c-ae7c4aeac296",
   "metadata": {},
   "outputs": [
    {
     "name": "stdout",
     "output_type": "stream",
     "text": [
      "<class 'pandas.core.frame.DataFrame'>\n",
      "Index: 1941 entries, 0 to 1999\n",
      "Data columns (total 15 columns):\n",
      " #   Column            Non-Null Count  Dtype  \n",
      "---  ------            --------------  -----  \n",
      " 0   duration_ms       1941 non-null   int64  \n",
      " 1   explicit          1941 non-null   bool   \n",
      " 2   year              1941 non-null   int64  \n",
      " 3   popularity        1941 non-null   int64  \n",
      " 4   danceability      1941 non-null   float64\n",
      " 5   energy            1941 non-null   float64\n",
      " 6   key               1941 non-null   int64  \n",
      " 7   loudness          1941 non-null   float64\n",
      " 8   mode              1941 non-null   int64  \n",
      " 9   speechiness       1941 non-null   float64\n",
      " 10  acousticness      1941 non-null   float64\n",
      " 11  instrumentalness  1941 non-null   float64\n",
      " 12  liveness          1941 non-null   float64\n",
      " 13  valence           1941 non-null   float64\n",
      " 14  tempo             1941 non-null   float64\n",
      "dtypes: bool(1), float64(9), int64(5)\n",
      "memory usage: 229.4 KB\n"
     ]
    }
   ],
   "source": [
    "df_corr = df.drop(axis=1, columns=['artist', 'song','genre'])\n",
    "df_corr.info()"
   ]
  },
  {
   "cell_type": "code",
   "execution_count": 35,
   "id": "beb8ad70-243a-4b5d-8042-e2a51a0cef67",
   "metadata": {},
   "outputs": [
    {
     "data": {
      "application/vnd.plotly.v1+json": {
       "config": {
        "plotlyServerURL": "https://plot.ly"
       },
       "data": [
        {
         "coloraxis": "coloraxis",
         "hovertemplate": "x: %{x}<br>y: %{y}<br>color: %{z}<extra></extra>",
         "name": "0",
         "texttemplate": "%{z}",
         "type": "heatmap",
         "x": [
          "duration_ms",
          "explicit",
          "year",
          "popularity",
          "danceability",
          "energy",
          "key",
          "loudness",
          "mode",
          "speechiness",
          "acousticness",
          "instrumentalness",
          "liveness",
          "valence",
          "tempo"
         ],
         "xaxis": "x",
         "y": [
          "duration_ms",
          "explicit",
          "year",
          "popularity",
          "danceability",
          "energy",
          "key",
          "loudness",
          "mode",
          "speechiness",
          "acousticness",
          "instrumentalness",
          "liveness",
          "valence",
          "tempo"
         ],
         "yaxis": "y",
         "z": [
          [
           1,
           0.11960752260317699,
           -0.31883529080892875,
           0.04814011132339965,
           -0.06008266496845981,
           -0.08298181930123188,
           -0.0013531992909690937,
           -0.08622556025434544,
           -0.004094759150644529,
           0.06253836417434673,
           0.009960058454020305,
           -0.006409058011676422,
           0.02254910716820875,
           -0.1164234722990256,
           -0.0337616986918257
          ],
          [
           0.11960752260317699,
           1,
           0.0773606500385742,
           0.04730791660849555,
           0.24379917513439,
           -0.1642117954221189,
           0.001795121025421612,
           -0.09126505919498326,
           0.0506527725526691,
           0.4154452368762933,
           -0.028031831624940138,
           -0.08260545926963375,
           0.008237889198587409,
           -0.04539709073158264,
           0.014649849559723276
          ],
          [
           -0.31883529080892875,
           0.0773606500385742,
           1,
           -0.007293566479355987,
           0.035444470562668216,
           -0.11026515723572888,
           0.008588191178256542,
           0.017228088432149784,
           -0.0072079472947071095,
           0.0031457693166413027,
           0.04069806673877784,
           -0.05149006194529913,
           -0.026418126060152137,
           -0.2084098215891185,
           0.07779791057382612
          ],
          [
           0.04814011132339965,
           0.04730791660849555,
           -0.007293566479355987,
           1,
           -0.0001432931106017028,
           -0.013403867929276557,
           0.01356105354891734,
           0.030440651145451594,
           -0.019430419480122613,
           0.021977484821040512,
           0.022501025426308902,
           -0.048103850659613555,
           -0.010290799158617204,
           -0.011012393624998435,
           0.011056633656083345
          ],
          [
           -0.06008266496845981,
           0.24379917513439,
           0.035444470562668216,
           -0.0001432931106017028,
           1,
           -0.10320365945796142,
           0.03574660177156321,
           -0.035638259934246984,
           -0.06864317012700955,
           0.1409545098027524,
           -0.0623737036934367,
           0.02166166367268834,
           -0.12734890086993447,
           0.4037868012785081,
           -0.16907373794931338
          ],
          [
           -0.08298181930123188,
           -0.1642117954221189,
           -0.11026515723572888,
           -0.013403867929276557,
           -0.10320365945796142,
           1,
           -0.0006417816774622549,
           0.6519860534497357,
           -0.04417742229701067,
           -0.058225337487540815,
           -0.44705610223223347,
           0.0406615045020248,
           0.1539215975129806,
           0.33175571385471625,
           0.15230460026492323
          ],
          [
           -0.0013531992909690937,
           0.001795121025421612,
           0.008588191178256542,
           0.01356105354891734,
           0.03574660177156321,
           -0.0006417816774622549,
           1,
           -0.0052293946123361705,
           -0.15331906442549487,
           0.0037686741823602164,
           0.0007191179179343459,
           -0.004052836828174219,
           -0.040826801937080236,
           0.03544052841363351,
           -0.009851515089508055
          ],
          [
           -0.08622556025434544,
           -0.09126505919498326,
           0.017228088432149784,
           0.030440651145451594,
           -0.035638259934246984,
           0.6519860534497357,
           -0.0052293946123361705,
           1,
           -0.02756825715028902,
           -0.08183144659225478,
           -0.31207921929758564,
           -0.10357450689909523,
           0.10197224684759644,
           0.2282499170148388,
           0.08165533856657518
          ],
          [
           -0.004094759150644529,
           0.0506527725526691,
           -0.0072079472947071095,
           -0.019430419480122613,
           -0.06864317012700955,
           -0.04417742229701067,
           -0.15331906442549487,
           -0.02756825715028902,
           1,
           0.002191810595582206,
           0.009210056174486314,
           -0.03643281535255943,
           0.028334471045107182,
           -0.08027922045722392,
           0.04744460455197023
          ],
          [
           0.06253836417434673,
           0.4154452368762933,
           0.0031457693166413027,
           0.021977484821040512,
           0.1409545098027524,
           -0.058225337487540815,
           0.0037686741823602164,
           -0.08183144659225478,
           0.002191810595582206,
           1,
           0.0029262694398495626,
           -0.06240110720213883,
           0.056531616063973986,
           0.0692470801723891,
           0.06319224878888119
          ],
          [
           0.009960058454020305,
           -0.028031831624940138,
           0.04069806673877784,
           0.022501025426308902,
           -0.0623737036934367,
           -0.44705610223223347,
           0.0007191179179343459,
           -0.31207921929758564,
           0.009210056174486314,
           0.0029262694398495626,
           1,
           -0.0032202909389592205,
           -0.10776594429979315,
           -0.12612918266841905,
           -0.10553282023632397
          ],
          [
           -0.006409058011676422,
           -0.08260545926963375,
           -0.05149006194529913,
           -0.048103850659613555,
           0.02166166367268834,
           0.0406615045020248,
           -0.004052836828174219,
           -0.10357450689909523,
           -0.03643281535255943,
           -0.06240110720213883,
           -0.0032202909389592205,
           1,
           -0.034817809067912424,
           -0.010660088991713357,
           0.03544230282768473
          ],
          [
           0.02254910716820875,
           0.008237889198587409,
           -0.026418126060152137,
           -0.010290799158617204,
           -0.12734890086993447,
           0.1539215975129806,
           -0.040826801937080236,
           0.10197224684759644,
           0.028334471045107182,
           0.056531616063973986,
           -0.10776594429979315,
           -0.034817809067912424,
           1,
           0.014736825093137654,
           0.027449038281677832
          ],
          [
           -0.1164234722990256,
           -0.04539709073158264,
           -0.2084098215891185,
           -0.011012393624998435,
           0.4037868012785081,
           0.33175571385471625,
           0.03544052841363351,
           0.2282499170148388,
           -0.08027922045722392,
           0.0692470801723891,
           -0.12612918266841905,
           -0.010660088991713357,
           0.014736825093137654,
           1,
           -0.023972692433184478
          ],
          [
           -0.0337616986918257,
           0.014649849559723276,
           0.07779791057382612,
           0.011056633656083345,
           -0.16907373794931338,
           0.15230460026492323,
           -0.009851515089508055,
           0.08165533856657518,
           0.04744460455197023,
           0.06319224878888119,
           -0.10553282023632397,
           0.03544230282768473,
           0.027449038281677832,
           -0.023972692433184478,
           1
          ]
         ]
        }
       ],
       "layout": {
        "coloraxis": {
         "colorscale": [
          [
           0,
           "rgb(247,252,245)"
          ],
          [
           0.125,
           "rgb(229,245,224)"
          ],
          [
           0.25,
           "rgb(199,233,192)"
          ],
          [
           0.375,
           "rgb(161,217,155)"
          ],
          [
           0.5,
           "rgb(116,196,118)"
          ],
          [
           0.625,
           "rgb(65,171,93)"
          ],
          [
           0.75,
           "rgb(35,139,69)"
          ],
          [
           0.875,
           "rgb(0,109,44)"
          ],
          [
           1,
           "rgb(0,68,27)"
          ]
         ]
        },
        "height": 800,
        "template": {
         "data": {
          "bar": [
           {
            "error_x": {
             "color": "#2a3f5f"
            },
            "error_y": {
             "color": "#2a3f5f"
            },
            "marker": {
             "line": {
              "color": "#E5ECF6",
              "width": 0.5
             },
             "pattern": {
              "fillmode": "overlay",
              "size": 10,
              "solidity": 0.2
             }
            },
            "type": "bar"
           }
          ],
          "barpolar": [
           {
            "marker": {
             "line": {
              "color": "#E5ECF6",
              "width": 0.5
             },
             "pattern": {
              "fillmode": "overlay",
              "size": 10,
              "solidity": 0.2
             }
            },
            "type": "barpolar"
           }
          ],
          "carpet": [
           {
            "aaxis": {
             "endlinecolor": "#2a3f5f",
             "gridcolor": "white",
             "linecolor": "white",
             "minorgridcolor": "white",
             "startlinecolor": "#2a3f5f"
            },
            "baxis": {
             "endlinecolor": "#2a3f5f",
             "gridcolor": "white",
             "linecolor": "white",
             "minorgridcolor": "white",
             "startlinecolor": "#2a3f5f"
            },
            "type": "carpet"
           }
          ],
          "choropleth": [
           {
            "colorbar": {
             "outlinewidth": 0,
             "ticks": ""
            },
            "type": "choropleth"
           }
          ],
          "contour": [
           {
            "colorbar": {
             "outlinewidth": 0,
             "ticks": ""
            },
            "colorscale": [
             [
              0,
              "#0d0887"
             ],
             [
              0.1111111111111111,
              "#46039f"
             ],
             [
              0.2222222222222222,
              "#7201a8"
             ],
             [
              0.3333333333333333,
              "#9c179e"
             ],
             [
              0.4444444444444444,
              "#bd3786"
             ],
             [
              0.5555555555555556,
              "#d8576b"
             ],
             [
              0.6666666666666666,
              "#ed7953"
             ],
             [
              0.7777777777777778,
              "#fb9f3a"
             ],
             [
              0.8888888888888888,
              "#fdca26"
             ],
             [
              1,
              "#f0f921"
             ]
            ],
            "type": "contour"
           }
          ],
          "contourcarpet": [
           {
            "colorbar": {
             "outlinewidth": 0,
             "ticks": ""
            },
            "type": "contourcarpet"
           }
          ],
          "heatmap": [
           {
            "colorbar": {
             "outlinewidth": 0,
             "ticks": ""
            },
            "colorscale": [
             [
              0,
              "#0d0887"
             ],
             [
              0.1111111111111111,
              "#46039f"
             ],
             [
              0.2222222222222222,
              "#7201a8"
             ],
             [
              0.3333333333333333,
              "#9c179e"
             ],
             [
              0.4444444444444444,
              "#bd3786"
             ],
             [
              0.5555555555555556,
              "#d8576b"
             ],
             [
              0.6666666666666666,
              "#ed7953"
             ],
             [
              0.7777777777777778,
              "#fb9f3a"
             ],
             [
              0.8888888888888888,
              "#fdca26"
             ],
             [
              1,
              "#f0f921"
             ]
            ],
            "type": "heatmap"
           }
          ],
          "heatmapgl": [
           {
            "colorbar": {
             "outlinewidth": 0,
             "ticks": ""
            },
            "colorscale": [
             [
              0,
              "#0d0887"
             ],
             [
              0.1111111111111111,
              "#46039f"
             ],
             [
              0.2222222222222222,
              "#7201a8"
             ],
             [
              0.3333333333333333,
              "#9c179e"
             ],
             [
              0.4444444444444444,
              "#bd3786"
             ],
             [
              0.5555555555555556,
              "#d8576b"
             ],
             [
              0.6666666666666666,
              "#ed7953"
             ],
             [
              0.7777777777777778,
              "#fb9f3a"
             ],
             [
              0.8888888888888888,
              "#fdca26"
             ],
             [
              1,
              "#f0f921"
             ]
            ],
            "type": "heatmapgl"
           }
          ],
          "histogram": [
           {
            "marker": {
             "pattern": {
              "fillmode": "overlay",
              "size": 10,
              "solidity": 0.2
             }
            },
            "type": "histogram"
           }
          ],
          "histogram2d": [
           {
            "colorbar": {
             "outlinewidth": 0,
             "ticks": ""
            },
            "colorscale": [
             [
              0,
              "#0d0887"
             ],
             [
              0.1111111111111111,
              "#46039f"
             ],
             [
              0.2222222222222222,
              "#7201a8"
             ],
             [
              0.3333333333333333,
              "#9c179e"
             ],
             [
              0.4444444444444444,
              "#bd3786"
             ],
             [
              0.5555555555555556,
              "#d8576b"
             ],
             [
              0.6666666666666666,
              "#ed7953"
             ],
             [
              0.7777777777777778,
              "#fb9f3a"
             ],
             [
              0.8888888888888888,
              "#fdca26"
             ],
             [
              1,
              "#f0f921"
             ]
            ],
            "type": "histogram2d"
           }
          ],
          "histogram2dcontour": [
           {
            "colorbar": {
             "outlinewidth": 0,
             "ticks": ""
            },
            "colorscale": [
             [
              0,
              "#0d0887"
             ],
             [
              0.1111111111111111,
              "#46039f"
             ],
             [
              0.2222222222222222,
              "#7201a8"
             ],
             [
              0.3333333333333333,
              "#9c179e"
             ],
             [
              0.4444444444444444,
              "#bd3786"
             ],
             [
              0.5555555555555556,
              "#d8576b"
             ],
             [
              0.6666666666666666,
              "#ed7953"
             ],
             [
              0.7777777777777778,
              "#fb9f3a"
             ],
             [
